


paradeigma ekfwnisis

sentence= 'AABBBCDEFGGHHCCDEFGGIICJKKFLMMINJKOFLPPQNJOORSPTQNUVVRSTTQWUUXXSYZWWaaXXSYZWbbbcc'

sums=[3,15,22,4,16,15,25,17,9,8,20,6,14,17,17,13,20,12,27,6,20,6,10,14,8,16,15,13,17]


problem = [
            [ 3, [0, 1]],
            [15, [2,9,10]],
            [22, [11,13,14,16]],
            [ 4, [18,21]],
            [16, [19,22]],
            [15, [20,23,26,47]],
            [25, [3,4,6,7]],
            [17, [5,12]],
            [ 9, [8,15,36]],
            [ 8, [17,38,41]],
            [20, [24,25,45]],
            [ 6, [27,30]],
            [14, [28,29]],
            [17, [37,40,43]],
            [17, [46,48,49]],            
            [13, [31,32,34]],
            [20, [39,42,63]],
            [12, [50,53]],
            [27, [33,54,57,60]],
            [ 6, [35,55,56]],
            [20, [44,65,72]],
            [ 6, [51,52]],
            [10, [64,66,67,69]],
            [14, [73,74,76,77]],
            [ 8, [58,61]],
            [16, [59,62]],
            [15, [68,75]],
            [13, [70,71,78]],
            [17, [79,80]]]
    







diko m paradeigma apo game


sentence= 'AAAABBBBCCDDDEEEFGGGGHHHHHHHHIIJJKLMMNNNNOOPPQQQRSTUUUUUUVWWWWWWXXXYZZaaaabcccccc'   //stin grammi 526
sums=[14,26,4,24,19,2,21,40,11,6,8,7,6,24,12,8,20,1,4,9,27,5,39,10,3,3,15,7,30]      //stin grammi 528

//stin grammi 540
problem = [												
            [ 14, [0,1,4,5]],
            [26, [2,9,12,13]],
            [4, [10,11]],
            [24, [14,21,22]],
            [19, [18,19,20]],
            [2, [23]],
            [21, [3,6,27,30]],
            [40, [7,28,29,31,32,33,34,54]],
            [11, [8,15]],
            [ 6, [16,37]],
            [ 8, [17]],
            [7, [38]],
            [ 6, [24,45]],
            [24, [25,26,47,50]],
            [12, [46,49]],
            [8, [41,48]],            
            [20, [39,40,42]],
            [1, [36]],
            [4, [35]],
            [9, [56]],
            [ 27, [55,57,58,59,60,61]],
            [5, [62]],
            [ 39, [43,63,64,66,67,68]],
            [10, [44,65,72]],
            [3, [51]],
            [ 3, [52,53]],
            [15, [73,74,76,77]],
            [7, [75]],
            [30, [69,70,71,78,79,80]]]
            
